/ershoufang/gaobuzhen/,高埗镇,24,112497
